10.0 29.1
10.5 32.0
11.0 36.0
11.5 40.7
12.0 40.6
12.5 31.6
13.0 28.7
13.5 34.4
14.0 42.2
14.5 42.7
15.0 35.3
15.5 40.6
16.0 46.0
16.5 43.0
17.0 38.9
17.5 42.0
18.0 45.6
18.5 39.8
19.0 50.2
19.5 44.8
20.0 44.2
20.5 52.3
21.0 48.5
21.5 46.1
22.0 56.6
22.5 50.6
23.0 63.5
23.5 53.7
24.0 58.9
24.5 66.0
25.0 60.6
25.5 68.8
26.0 67.5
26.5 61.3
27.0 56.8
27.5 66.1
28.0 58.7
28.5 73.9
29.0 73.2
29.5 62.0
30.0 66.9
30.5 71.9
31.0 76.6
31.5 66.8
32.0 77.7
32.5 80.7
33.0 69.6
33.5 71.9
34.0 85.5
34.5 75.1
35.0 78.8
35.5 75.8
36.0 86.4
36.5 88.6
37.0 84.7
37.5 79.8
38.0 92.6
38.5 94.6
39.0 87.7
39.5 92.0
40.0 84.4
40.5 95.7
41.0 91.9
41.5 88.6
42.0 94.9
42.5 94.2
43.0 102.4
43.5 93.3
44.0 92.3
44.5 106.6
45.0 97.9
45.5 103.8
46.0 102.2
46.5 99.9
47.0 111.2
47.5 108.4
48.0 101.1
48.5 99.2
49.0 105.9
49.5 105.8
50.0 107.9
50.5 108.5
51.0 116.1
51.5 105.2
52.0 107.3
52.5 110.7
53.0 108.5
53.5 123.5
54.0 123.8
54.5 123.9
55.0 125.8
55.5 122.6
56.0 127.7
56.5 128.3
57.0 125.6
57.5 129.7
58.0 124.7
58.5 126.6
59.0 130.7
59.5 126.6
60.0 122.5
